Mortgage Calculator
--------------------

Enter the loan amount:
450000
Enter the term in years:
30
Enter the interest rate:
3.99

Summary
-------

Loan Amount: 450000
Term: 30
Number of payments: 360
Interest rate: 3.990000009536743
Montly interest Rate: 0.3325000007947286
Monthly repayment: 2145.77
Total cost of loan: 772481.12
Total interest paid: 322481.12

Amortization Schedule
---------------------

------------------------------------------------------------------------------------------------------------
      Period    StartBal     Payment    Interest   Principle   Total int  Total Prin   Total Pay End Balance
 ----------- ----------- ----------- ----------- ----------- ----------- ----------- ----------- -----------
           1   450000.00     2145.77     1496.25      649.52     1496.25      649.52     2145.77   449350.48
           2   449350.48     2145.77     1494.09      651.68     2990.34     1301.20     4291.54   448698.80
           3   448698.80     2145.77     1491.92      653.85     4482.26     1955.05     6437.31   448044.95
           4   448044.95     2145.77     1489.75      656.02     5972.01     2611.07     8583.08   447388.93
           5   447388.93     2145.77     1487.57      658.20     7459.58     3269.27    10728.85   446730.73
           6   446730.73     2145.77     1485.38      660.39     8944.96     3929.66    12874.62   446070.34
           7   446070.34     2145.77     1483.18      662.59    10428.14     4592.25    15020.39   445407.75
           8   445407.75     2145.77     1480.98      664.79    11909.12     5257.04    17166.16   444742.96
           9   444742.96     2145.77     1478.77      667.00    13387.89     5924.04    19311.93   444075.96
          10   444075.96     2145.77     1476.55      669.22    14864.44     6593.26    21457.70   443406.74
          11   443406.74     2145.77     1474.33      671.44    16338.77     7264.70    23603.47   442735.30
          12   442735.30     2145.77     1472.09      673.68    17810.86     7938.38    25749.24   442061.62
          13   442061.62     2145.77     1469.85      675.92    19280.71     8614.30    27895.01   441385.70
          14   441385.70     2145.77     1467.61      678.16    20748.32     9292.46    30040.78   440707.54
          15   440707.54     2145.77     1465.35      680.42    22213.67     9972.88    32186.55   440027.12
          16   440027.12     2145.77     1463.09      682.68    23676.76    10655.56    34332.32   439344.44
          17   439344.44     2145.77     1460.82      684.95    25137.58    11340.51    36478.09   438659.49
          18   438659.49     2145.77     1458.54      687.23    26596.12    12027.74    38623.86   437972.26
          19   437972.26     2145.77     1456.26      689.51    28052.38    12717.25    40769.63   437282.75
          20   437282.75     2145.77     1453.97      691.80    29506.35    13409.05    42915.40   436590.95
          21   436590.95     2145.77     1451.66      694.11    30958.01    14103.16    45061.17   435896.84
          22   435896.84     2145.77     1449.36      696.41    32407.37    14799.57    47206.94   435200.43
          23   435200.43     2145.77     1447.04      698.73    33854.41    15498.30    49352.71   434501.70
          24   434501.70     2145.77     1444.72      701.05    35299.13    16199.35    51498.48   433800.65
          25   433800.65     2145.77     1442.39      703.38    36741.52    16902.73    53644.25   433097.27
          26   433097.27     2145.77     1440.05      705.72    38181.57    17608.45    55790.02   432391.55
          27   432391.55     2145.77     1437.70      708.07    39619.27    18316.52    57935.79   431683.48
          28   431683.48     2145.77     1435.35      710.42    41054.62    19026.94    60081.56   430973.06
          29   430973.06     2145.77     1432.99      712.78    42487.61    19739.72    62227.33   430260.28
          30   430260.28     2145.77     1430.62      715.15    43918.23    20454.87    64373.10   429545.13
          31   429545.13     2145.77     1428.24      717.53    45346.47    21172.40    66518.87   428827.60
          32   428827.60     2145.77     1425.85      719.92    46772.32    21892.32    68664.64   428107.68
          33   428107.68     2145.77     1423.46      722.31    48195.78    22614.63    70810.41   427385.37
          34   427385.37     2145.77     1421.06      724.71    49616.84    23339.34    72956.18   426660.66
          35   426660.66     2145.77     1418.65      727.12    51035.49    24066.46    75101.95   425933.54
          36   425933.54     2145.77     1416.23      729.54    52451.72    24796.00    77247.72   425204.00
          37   425204.00     2145.77     1413.80      731.97    53865.52    25527.97    79393.49   424472.03
          38   424472.03     2145.77     1411.37      734.40    55276.89    26262.37    81539.26   423737.63
          39   423737.63     2145.77     1408.93      736.84    56685.82    26999.21    83685.03   423000.79
          40   423000.79     2145.77     1406.48      739.29    58092.30    27738.50    85830.80   422261.50
          41   422261.50     2145.77     1404.02      741.75    59496.32    28480.25    87976.57   421519.75
          42   421519.75     2145.77     1401.55      744.22    60897.87    29224.47    90122.34   420775.53
          43   420775.53     2145.77     1399.08      746.69    62296.95    29971.16    92268.11   420028.84
          44   420028.84     2145.77     1396.60      749.17    63693.55    30720.33    94413.88   419279.67
          45   419279.67     2145.77     1394.10      751.67    65087.65    31472.00    96559.65   418528.00
          46   418528.00     2145.77     1391.61      754.16    66479.26    32226.16    98705.42   417773.84
          47   417773.84     2145.77     1389.10      756.67    67868.36    32982.83   100851.19   417017.17
          48   417017.17     2145.77     1386.58      759.19    69254.94    33742.02   102996.96   416257.98
          49   416257.98     2145.77     1384.06      761.71    70639.00    34503.73   105142.73   415496.27
          50   415496.27     2145.77     1381.53      764.24    72020.53    35267.97   107288.50   414732.03
          51   414732.03     2145.77     1378.98      766.79    73399.51    36034.76   109434.27   413965.24
          52   413965.24     2145.77     1376.43      769.34    74775.94    36804.10   111580.04   413195.90
          53   413195.90     2145.77     1373.88      771.89    76149.82    37575.99   113725.81   412424.01
          54   412424.01     2145.77     1371.31      774.46    77521.13    38350.45   115871.58   411649.55
          55   411649.55     2145.77     1368.73      777.04    78889.86    39127.49   118017.35   410872.51
          56   410872.51     2145.77     1366.15      779.62    80256.01    39907.11   120163.12   410092.89
          57   410092.89     2145.77     1363.56      782.21    81619.57    40689.32   122308.89   409310.68
          58   409310.68     2145.77     1360.96      784.81    82980.53    41474.13   124454.66   408525.87
          59   408525.87     2145.77     1358.35      787.42    84338.88    42261.55   126600.43   407738.45
          60   407738.45     2145.77     1355.73      790.04    85694.61    43051.59   128746.20   406948.41
          61   406948.41     2145.77     1353.10      792.67    87047.71    43844.26   130891.97   406155.74
          62   406155.74     2145.77     1350.47      795.30    88398.18    44639.56   133037.74   405360.44
          63   405360.44     2145.77     1347.82      797.95    89746.00    45437.51   135183.51   404562.49
          64   404562.49     2145.77     1345.17      800.60    91091.17    46238.11   137329.28   403761.89
          65   403761.89     2145.77     1342.51      803.26    92433.68    47041.37   139475.05   402958.63
          66   402958.63     2145.77     1339.84      805.93    93773.52    47847.30   141620.82   402152.70
          67   402152.70     2145.77     1337.16      808.61    95110.68    48655.91   143766.59   401344.09
          68   401344.09     2145.77     1334.47      811.30    96445.15    49467.21   145912.36   400532.79
          69   400532.79     2145.77     1331.77      814.00    97776.92    50281.21   148058.13   399718.79
          70   399718.79     2145.77     1329.06      816.71    99105.98    51097.92   150203.90   398902.08
          71   398902.08     2145.77     1326.35      819.42   100432.33    51917.34   152349.67   398082.66
          72   398082.66     2145.77     1323.62      822.15   101755.95    52739.49   154495.44   397260.51
          73   397260.51     2145.77     1320.89      824.88   103076.84    53564.37   156641.21   396435.63
          74   396435.63     2145.77     1318.15      827.62   104394.99    54391.99   158786.98   395608.01
          75   395608.01     2145.77     1315.40      830.37   105710.39    55222.36   160932.75   394777.64
          76   394777.64     2145.77     1312.64      833.13   107023.03    56055.49   163078.52   393944.51
          77   393944.51     2145.77     1309.87      835.90   108332.90    56891.39   165224.29   393108.61
          78   393108.61     2145.77     1307.09      838.68   109639.99    57730.07   167370.06   392269.93
          79   392269.93     2145.77     1304.30      841.47   110944.29    58571.54   169515.83   391428.46
          80   391428.46     2145.77     1301.50      844.27   112245.79    59415.81   171661.60   390584.19
          81   390584.19     2145.77     1298.69      847.08   113544.48    60262.89   173807.37   389737.11
          82   389737.11     2145.77     1295.88      849.89   114840.36    61112.78   175953.14   388887.22
          83   388887.22     2145.77     1293.05      852.72   116133.41    61965.50   178098.91   388034.50
          84   388034.50     2145.77     1290.21      855.56   117423.62    62821.06   180244.68   387178.94
          85   387178.94     2145.77     1287.37      858.40   118710.99    63679.46   182390.45   386320.54
          86   386320.54     2145.77     1284.52      861.25   119995.51    64540.71   184536.22   385459.29
          87   385459.29     2145.77     1281.65      864.12   121277.16    65404.83   186681.99   384595.17
          88   384595.17     2145.77     1278.78      866.99   122555.94    66271.82   188827.76   383728.18
          89   383728.18     2145.77     1275.90      869.87   123831.84    67141.69   190973.53   382858.31
          90   382858.31     2145.77     1273.00      872.77   125104.84    68014.46   193119.30   381985.54
          91   381985.54     2145.77     1270.10      875.67   126374.94    68890.13   195265.07   381109.87
          92   381109.87     2145.77     1267.19      878.58   127642.13    69768.71   197410.84   380231.29
          93   380231.29     2145.77     1264.27      881.50   128906.40    70650.21   199556.61   379349.79
          94   379349.79     2145.77     1261.34      884.43   130167.74    71534.64   201702.38   378465.36
          95   378465.36     2145.77     1258.40      887.37   131426.14    72422.01   203848.15   377577.99
          96   377577.99     2145.77     1255.45      890.32   132681.59    73312.33   205993.92   376687.67
          97   376687.67     2145.77     1252.49      893.28   133934.08    74205.61   208139.69   375794.39
          98   375794.39     2145.77     1249.52      896.25   135183.60    75101.86   210285.46   374898.14
          99   374898.14     2145.77     1246.54      899.23   136430.14    76001.09   212431.23   373998.91
         100   373998.91     2145.77     1243.55      902.22   137673.69    76903.31   214577.00   373096.69
         101   373096.69     2145.77     1240.55      905.22   138914.24    77808.53   216722.77   372191.47
         102   372191.47     2145.77     1237.54      908.23   140151.78    78716.76   218868.54   371283.24
         103   371283.24     2145.77     1234.52      911.25   141386.30    79628.01   221014.31   370371.99
         104   370371.99     2145.77     1231.49      914.28   142617.79    80542.29   223160.08   369457.71
         105   369457.71     2145.77     1228.45      917.32   143846.24    81459.61   225305.85   368540.39
         106   368540.39     2145.77     1225.40      920.37   145071.64    82379.98   227451.62   367620.02
         107   367620.02     2145.77     1222.34      923.43   146293.98    83303.41   229597.39   366696.59
         108   366696.59     2145.77     1219.27      926.50   147513.25    84229.91   231743.16   365770.09
         109   365770.09     2145.77     1216.19      929.58   148729.44    85159.49   233888.93   364840.51
         110   364840.51     2145.77     1213.09      932.68   149942.53    86092.17   236034.70   363907.83
         111   363907.83     2145.77     1209.99      935.78   151152.52    87027.95   238180.47   362972.05
         112   362972.05     2145.77     1206.88      938.89   152359.40    87966.84   240326.24   362033.16
         113   362033.16     2145.77     1203.76      942.01   153563.16    88908.85   242472.01   361091.15
         114   361091.15     2145.77     1200.63      945.14   154763.79    89853.99   244617.78   360146.01
         115   360146.01     2145.77     1197.49      948.28   155961.28    90802.27   246763.55   359197.73
         116   359197.73     2145.77     1194.33      951.44   157155.61    91753.71   248909.32   358246.29
         117   358246.29     2145.77     1191.17      954.60   158346.78    92708.31   251055.09   357291.69
         118   357291.69     2145.77     1187.99      957.78   159534.77    93666.09   253200.86   356333.91
         119   356333.91     2145.77     1184.81      960.96   160719.58    94627.05   255346.63   355372.95
         120   355372.95     2145.77     1181.62      964.15   161901.20    95591.20   257492.40   354408.80
         121   354408.80     2145.77     1178.41      967.36   163079.61    96558.56   259638.17   353441.44
         122   353441.44     2145.77     1175.19      970.58   164254.80    97529.14   261783.94   352470.86
         123   352470.86     2145.77     1171.97      973.80   165426.77    98502.94   263929.71   351497.06
         124   351497.06     2145.77     1168.73      977.04   166595.50    99479.98   266075.48   350520.02
         125   350520.02     2145.77     1165.48      980.29   167760.98   100460.27   268221.25   349539.73
         126   349539.73     2145.77     1162.22      983.55   168923.20   101443.82   270367.02   348556.18
         127   348556.18     2145.77     1158.95      986.82   170082.15   102430.64   272512.79   347569.36
         128   347569.36     2145.77     1155.67      990.10   171237.82   103420.74   274658.56   346579.26
         129   346579.26     2145.77     1152.38      993.39   172390.20   104414.13   276804.33   345585.87
         130   345585.87     2145.77     1149.07      996.70   173539.27   105410.83   278950.10   344589.17
         131   344589.17     2145.77     1145.76     1000.01   174685.03   106410.84   281095.87   343589.16
         132   343589.16     2145.77     1142.43     1003.34   175827.46   107414.18   283241.64   342585.82
         133   342585.82     2145.77     1139.10     1006.67   176966.56   108420.85   285387.41   341579.15
         134   341579.15     2145.77     1135.75     1010.02   178102.31   109430.87   287533.18   340569.13
         135   340569.13     2145.77     1132.39     1013.38   179234.70   110444.25   289678.95   339555.75
         136   339555.75     2145.77     1129.02     1016.75   180363.72   111461.00   291824.72   338539.00
         137   338539.00     2145.77     1125.64     1020.13   181489.36   112481.13   293970.49   337518.87
         138   337518.87     2145.77     1122.25     1023.52   182611.61   113504.65   296116.26   336495.35
         139   336495.35     2145.77     1118.85     1026.92   183730.46   114531.57   298262.03   335468.43
         140   335468.43     2145.77     1115.43     1030.34   184845.89   115561.91   300407.80   334438.09
         141   334438.09     2145.77     1112.01     1033.76   185957.90   116595.67   302553.57   333404.33
         142   333404.33     2145.77     1108.57     1037.20   187066.47   117632.87   304699.34   332367.13
         143   332367.13     2145.77     1105.12     1040.65   188171.59   118673.52   306845.11   331326.48
         144   331326.48     2145.77     1101.66     1044.11   189273.25   119717.63   308990.88   330282.37
         145   330282.37     2145.77     1098.19     1047.58   190371.44   120765.21   311136.65   329234.79
         146   329234.79     2145.77     1094.71     1051.06   191466.15   121816.27   313282.42   328183.73
         147   328183.73     2145.77     1091.21     1054.56   192557.36   122870.83   315428.19   327129.17
         148   327129.17     2145.77     1087.70     1058.07   193645.06   123928.90   317573.96   326071.10
         149   326071.10     2145.77     1084.19     1061.58   194729.25   124990.48   319719.73   325009.52
         150   325009.52     2145.77     1080.66     1065.11   195809.91   126055.59   321865.50   323944.41
         151   323944.41     2145.77     1077.12     1068.65   196887.03   127124.24   324011.27   322875.76
         152   322875.76     2145.77     1073.56     1072.21   197960.59   128196.45   326157.04   321803.55
         153   321803.55     2145.77     1070.00     1075.77   199030.59   129272.22   328302.81   320727.78
         154   320727.78     2145.77     1066.42     1079.35   200097.01   130351.57   330448.58   319648.43
         155   319648.43     2145.77     1062.83     1082.94   201159.84   131434.51   332594.35   318565.49
         156   318565.49     2145.77     1059.23     1086.54   202219.07   132521.05   334740.12   317478.95
         157   317478.95     2145.77     1055.62     1090.15   203274.69   133611.20   336885.89   316388.80
         158   316388.80     2145.77     1051.99     1093.78   204326.68   134704.98   339031.66   315295.02
         159   315295.02     2145.77     1048.36     1097.41   205375.04   135802.39   341177.43   314197.61
         160   314197.61     2145.77     1044.71     1101.06   206419.75   136903.45   343323.20   313096.55
         161   313096.55     2145.77     1041.05     1104.72   207460.80   138008.17   345468.97   311991.83
         162   311991.83     2145.77     1037.37     1108.40   208498.17   139116.57   347614.74   310883.43
         163   310883.43     2145.77     1033.69     1112.08   209531.86   140228.65   349760.51   309771.35
         164   309771.35     2145.77     1029.99     1115.78   210561.85   141344.43   351906.28   308655.57
         165   308655.57     2145.77     1026.28     1119.49   211588.13   142463.92   354052.05   307536.08
         166   307536.08     2145.77     1022.56     1123.21   212610.69   143587.13   356197.82   306412.87
         167   306412.87     2145.77     1018.82     1126.95   213629.51   144714.08   358343.59   305285.92
         168   305285.92     2145.77     1015.08     1130.69   214644.59   145844.77   360489.36   304155.23
         169   304155.23     2145.77     1011.32     1134.45   215655.91   146979.22   362635.13   303020.78
         170   303020.78     2145.77     1007.54     1138.23   216663.45   148117.45   364780.90   301882.55
         171   301882.55     2145.77     1003.76     1142.01   217667.21   149259.46   366926.67   300740.54
         172   300740.54     2145.77      999.96     1145.81   218667.17   150405.27   369072.44   299594.73
         173   299594.73     2145.77      996.15     1149.62   219663.32   151554.89   371218.21   298445.11
         174   298445.11     2145.77      992.33     1153.44   220655.65   152708.33   373363.98   297291.67
         175   297291.67     2145.77      988.49     1157.28   221644.14   153865.61   375509.75   296134.39
         176   296134.39     2145.77      984.65     1161.12   222628.79   155026.73   377655.52   294973.27
         177   294973.27     2145.77      980.79     1164.98   223609.58   156191.71   379801.29   293808.29
         178   293808.29     2145.77      976.91     1168.86   224586.49   157360.57   381947.06   292639.43
         179   292639.43     2145.77      973.03     1172.74   225559.52   158533.31   384092.83   291466.69
         180   291466.69     2145.77      969.13     1176.64   226528.65   159709.95   386238.60   290290.05
         181   290290.05     2145.77      965.21     1180.56   227493.86   160890.51   388384.37   289109.49
         182   289109.49     2145.77      961.29     1184.48   228455.15   162074.99   390530.14   287925.01
         183   287925.01     2145.77      957.35     1188.42   229412.50   163263.41   392675.91   286736.59
         184   286736.59     2145.77      953.40     1192.37   230365.90   164455.78   394821.68   285544.22
         185   285544.22     2145.77      949.43     1196.34   231315.33   165652.12   396967.45   284347.88
         186   284347.88     2145.77      945.46     1200.31   232260.79   166852.43   399113.22   283147.57
         187   283147.57     2145.77      941.47     1204.30   233202.26   168056.73   401258.99   281943.27
         188   281943.27     2145.77      937.46     1208.31   234139.72   169265.04   403404.76   280734.96
         189   280734.96     2145.77      933.44     1212.33   235073.16   170477.37   405550.53   279522.63
         190   279522.63     2145.77      929.41     1216.36   236002.57   171693.73   407696.30   278306.27
         191   278306.27     2145.77      925.37     1220.40   236927.94   172914.13   409842.07   277085.87
         192   277085.87     2145.77      921.31     1224.46   237849.25   174138.59   411987.84   275861.41
         193   275861.41     2145.77      917.24     1228.53   238766.49   175367.12   414133.61   274632.88
         194   274632.88     2145.77      913.15     1232.62   239679.64   176599.74   416279.38   273400.26
         195   273400.26     2145.77      909.06     1236.71   240588.70   177836.45   418425.15   272163.55
         196   272163.55     2145.77      904.94     1240.83   241493.64   179077.28   420570.92   270922.72
         197   270922.72     2145.77      900.82     1244.95   242394.46   180322.23   422716.69   269677.77
         198   269677.77     2145.77      896.68     1249.09   243291.14   181571.32   424862.46   268428.68
         199   268428.68     2145.77      892.53     1253.24   244183.67   182824.56   427008.23   267175.44
         200   267175.44     2145.77      888.36     1257.41   245072.03   184081.97   429154.00   265918.03
         201   265918.03     2145.77      884.18     1261.59   245956.21   185343.56   431299.77   264656.44
         202   264656.44     2145.77      879.98     1265.79   246836.19   186609.35   433445.54   263390.65
         203   263390.65     2145.77      875.77     1270.00   247711.96   187879.35   435591.31   262120.65
         204   262120.65     2145.77      871.55     1274.22   248583.51   189153.57   437737.08   260846.43
         205   260846.43     2145.77      867.31     1278.46   249450.82   190432.03   439882.85   259567.97
         206   259567.97     2145.77      863.06     1282.71   250313.88   191714.74   442028.62   258285.26
         207   258285.26     2145.77      858.80     1286.97   251172.68   193001.71   444174.39   256998.29
         208   256998.29     2145.77      854.52     1291.25   252027.20   194292.96   446320.16   255707.04
         209   255707.04     2145.77      850.23     1295.54   252877.43   195588.50   448465.93   254411.50
         210   254411.50     2145.77      845.92     1299.85   253723.35   196888.35   450611.70   253111.65
         211   253111.65     2145.77      841.60     1304.17   254564.95   198192.52   452757.47   251807.48
         212   251807.48     2145.77      837.26     1308.51   255402.21   199501.03   454903.24   250498.97
         213   250498.97     2145.77      832.91     1312.86   256235.12   200813.89   457049.01   249186.11
         214   249186.11     2145.77      828.54     1317.23   257063.66   202131.12   459194.78   247868.88
         215   247868.88     2145.77      824.16     1321.61   257887.82   203452.73   461340.55   246547.27
         216   246547.27     2145.77      819.77     1326.00   258707.59   204778.73   463486.32   245221.27
         217   245221.27     2145.77      815.36     1330.41   259522.95   206109.14   465632.09   243890.86
         218   243890.86     2145.77      810.94     1334.83   260333.89   207443.97   467777.86   242556.03
         219   242556.03     2145.77      806.50     1339.27   261140.39   208783.24   469923.63   241216.76
         220   241216.76     2145.77      802.05     1343.72   261942.44   210126.96   472069.40   239873.04
         221   239873.04     2145.77      797.58     1348.19   262740.02   211475.15   474215.17   238524.85
         222   238524.85     2145.77      793.10     1352.67   263533.12   212827.82   476360.94   237172.18
         223   237172.18     2145.77      788.60     1357.17   264321.72   214184.99   478506.71   235815.01
         224   235815.01     2145.77      784.08     1361.69   265105.80   215546.68   480652.48   234453.32
         225   234453.32     2145.77      779.56     1366.21   265885.36   216912.89   482798.25   233087.11
         226   233087.11     2145.77      775.01     1370.76   266660.37   218283.65   484944.02   231716.35
         227   231716.35     2145.77      770.46     1375.31   267430.83   219658.96   487089.79   230341.04
         228   230341.04     2145.77      765.88     1379.89   268196.71   221038.85   489235.56   228961.15
         229   228961.15     2145.77      761.30     1384.47   268958.01   222423.32   491381.33   227576.68
         230   227576.68     2145.77      756.69     1389.08   269714.70   223812.40   493527.10   226187.60
         231   226187.60     2145.77      752.07     1393.70   270466.77   225206.10   495672.87   224793.90
         232   224793.90     2145.77      747.44     1398.33   271214.21   226604.43   497818.64   223395.57
         233   223395.57     2145.77      742.79     1402.98   271957.00   228007.41   499964.41   221992.59
         234   221992.59     2145.77      738.13     1407.64   272695.13   229415.05   502110.18   220584.95
         235   220584.95     2145.77      733.44     1412.33   273428.57   230827.38   504255.95   219172.62
         236   219172.62     2145.77      728.75     1417.02   274157.32   232244.40   506401.72   217755.60
         237   217755.60     2145.77      724.04     1421.73   274881.36   233666.13   508547.49   216333.87
         238   216333.87     2145.77      719.31     1426.46   275600.67   235092.59   510693.26   214907.41
         239   214907.41     2145.77      714.57     1431.20   276315.24   236523.79   512839.03   213476.21
         240   213476.21     2145.77      709.81     1435.96   277025.05   237959.75   514984.80   212040.25
         241   212040.25     2145.77      705.03     1440.74   277730.08   239400.49   517130.57   210599.51
         242   210599.51     2145.77      700.24     1445.53   278430.32   240846.02   519276.34   209153.98
         243   209153.98     2145.77      695.44     1450.33   279125.76   242296.35   521422.11   207703.65
         244   207703.65     2145.77      690.61     1455.16   279816.37   243751.51   523567.88   206248.49
         245   206248.49     2145.77      685.78     1459.99   280502.15   245211.50   525713.65   204788.50
         246   204788.50     2145.77      680.92     1464.85   281183.07   246676.35   527859.42   203323.65
         247   203323.65     2145.77      676.05     1469.72   281859.12   248146.07   530005.19   201853.93
         248   201853.93     2145.77      671.16     1474.61   282530.28   249620.68   532150.96   200379.32
         249   200379.32     2145.77      666.26     1479.51   283196.54   251100.19   534296.73   198899.81
         250   198899.81     2145.77      661.34     1484.43   283857.88   252584.62   536442.50   197415.38
         251   197415.38     2145.77      656.41     1489.36   284514.29   254073.98   538588.27   195926.02
         252   195926.02     2145.77      651.45     1494.32   285165.74   255568.30   540734.04   194431.70
         253   194431.70     2145.77      646.49     1499.28   285812.23   257067.58   542879.81   192932.42
         254   192932.42     2145.77      641.50     1504.27   286453.73   258571.85   545025.58   191428.15
         255   191428.15     2145.77      636.50     1509.27   287090.23   260081.12   547171.35   189918.88
         256   189918.88     2145.77      631.48     1514.29   287721.71   261595.41   549317.12   188404.59
         257   188404.59     2145.77      626.45     1519.32   288348.16   263114.73   551462.89   186885.27
         258   186885.27     2145.77      621.39     1524.38   288969.55   264639.11   553608.66   185360.89
         259   185360.89     2145.77      616.32     1529.45   289585.87   266168.56   555754.43   183831.44
         260   183831.44     2145.77      611.24     1534.53   290197.11   267703.09   557900.20   182296.91
         261   182296.91     2145.77      606.14     1539.63   290803.25   269242.72   560045.97   180757.28
         262   180757.28     2145.77      601.02     1544.75   291404.27   270787.47   562191.74   179212.53
         263   179212.53     2145.77      595.88     1549.89   292000.15   272337.36   564337.51   177662.64
         264   177662.64     2145.77      590.73     1555.04   292590.88   273892.40   566483.28   176107.60
         265   176107.60     2145.77      585.56     1560.21   293176.44   275452.61   568629.05   174547.39
         266   174547.39     2145.77      580.37     1565.40   293756.81   277018.01   570774.82   172981.99
         267   172981.99     2145.77      575.17     1570.60   294331.98   278588.61   572920.59   171411.39
         268   171411.39     2145.77      569.94     1575.83   294901.92   280164.44   575066.36   169835.56
         269   169835.56     2145.77      564.70     1581.07   295466.62   281745.51   577212.13   168254.49
         270   168254.49     2145.77      559.45     1586.32   296026.07   283331.83   579357.90   166668.17
         271   166668.17     2145.77      554.17     1591.60   296580.24   284923.43   581503.67   165076.57
         272   165076.57     2145.77      548.88     1596.89   297129.12   286520.32   583649.44   163479.68
         273   163479.68     2145.77      543.57     1602.20   297672.69   288122.52   585795.21   161877.48
         274   161877.48     2145.77      538.24     1607.53   298210.93   289730.05   587940.98   160269.95
         275   160269.95     2145.77      532.90     1612.87   298743.83   291342.92   590086.75   158657.08
         276   158657.08     2145.77      527.53     1618.24   299271.36   292961.16   592232.52   157038.84
         277   157038.84     2145.77      522.15     1623.62   299793.51   294584.78   594378.29   155415.22
         278   155415.22     2145.77      516.76     1629.01   300310.27   296213.79   596524.06   153786.21
         279   153786.21     2145.77      511.34     1634.43   300821.61   297848.22   598669.83   152151.78
         280   152151.78     2145.77      505.90     1639.87   301327.51   299488.09   600815.60   150511.91
         281   150511.91     2145.77      500.45     1645.32   301827.96   301133.41   602961.37   148866.59
         282   148866.59     2145.77      494.98     1650.79   302322.94   302784.20   605107.14   147215.80
         283   147215.80     2145.77      489.49     1656.28   302812.43   304440.48   607252.91   145559.52
         284   145559.52     2145.77      483.99     1661.78   303296.42   306102.26   609398.68   143897.74
         285   143897.74     2145.77      478.46     1667.31   303774.88   307769.57   611544.45   142230.43
         286   142230.43     2145.77      472.92     1672.85   304247.80   309442.42   613690.22   140557.58
         287   140557.58     2145.77      467.35     1678.42   304715.15   311120.84   615835.99   138879.16
         288   138879.16     2145.77      461.77     1684.00   305176.92   312804.84   617981.76   137195.16
         289   137195.16     2145.77      456.17     1689.60   305633.09   314494.44   620127.53   135505.56
         290   135505.56     2145.77      450.56     1695.21   306083.65   316189.65   622273.30   133810.35
         291   133810.35     2145.77      444.92     1700.85   306528.57   317890.50   624419.07   132109.50
         292   132109.50     2145.77      439.26     1706.51   306967.83   319597.01   626564.84   130402.99
         293   130402.99     2145.77      433.59     1712.18   307401.42   321309.19   628710.61   128690.81
         294   128690.81     2145.77      427.90     1717.87   307829.32   323027.06   630856.38   126972.94
         295   126972.94     2145.77      422.19     1723.58   308251.51   324750.64   633002.15   125249.36
         296   125249.36     2145.77      416.45     1729.32   308667.96   326479.96   635147.92   123520.04
         297   123520.04     2145.77      410.70     1735.07   309078.66   328215.03   637293.69   121784.97
         298   121784.97     2145.77      404.94     1740.83   309483.60   329955.86   639439.46   120044.14
         299   120044.14     2145.77      399.15     1746.62   309882.75   331702.48   641585.23   118297.52
         300   118297.52     2145.77      393.34     1752.43   310276.09   333454.91   643731.00   116545.09
         301   116545.09     2145.77      387.51     1758.26   310663.60   335213.17   645876.77   114786.83
         302   114786.83     2145.77      381.67     1764.10   311045.27   336977.27   648022.54   113022.73
         303   113022.73     2145.77      375.80     1769.97   311421.07   338747.24   650168.31   111252.76
         304   111252.76     2145.77      369.92     1775.85   311790.99   340523.09   652314.08   109476.91
         305   109476.91     2145.77      364.01     1781.76   312155.00   342304.85   654459.85   107695.15
         306   107695.15     2145.77      358.09     1787.68   312513.09   344092.53   656605.62   105907.47
         307   105907.47     2145.77      352.14     1793.63   312865.23   345886.16   658751.39   104113.84
         308   104113.84     2145.77      346.18     1799.59   313211.41   347685.75   660897.16   102314.25
         309   102314.25     2145.77      340.19     1805.58   313551.60   349491.33   663042.93   100508.67
         310   100508.67     2145.77      334.19     1811.58   313885.79   351302.91   665188.70    98697.09
         311    98697.09     2145.77      328.17     1817.60   314213.96   353120.51   667334.47    96879.49
         312    96879.49     2145.77      322.12     1823.65   314536.08   354944.16   669480.24    95055.84
         313    95055.84     2145.77      316.06     1829.71   314852.14   356773.87   671626.01    93226.13
         314    93226.13     2145.77      309.98     1835.79   315162.12   358609.66   673771.78    91390.34
         315    91390.34     2145.77      303.87     1841.90   315465.99   360451.56   675917.55    89548.44
         316    89548.44     2145.77      297.75     1848.02   315763.74   362299.58   678063.32    87700.42
         317    87700.42     2145.77      291.60     1854.17   316055.34   364153.75   680209.09    85846.25
         318    85846.25     2145.77      285.44     1860.33   316340.78   366014.08   682354.86    83985.92
         319    83985.92     2145.77      279.25     1866.52   316620.03   367880.60   684500.63    82119.40
         320    82119.40     2145.77      273.05     1872.72   316893.08   369753.32   686646.40    80246.68
         321    80246.68     2145.77      266.82     1878.95   317159.90   371632.27   688792.17    78367.73
         322    78367.73     2145.77      260.57     1885.20   317420.47   373517.47   690937.94    76482.53
         323    76482.53     2145.77      254.30     1891.47   317674.77   375408.94   693083.71    74591.06
         324    74591.06     2145.77      248.02     1897.75   317922.79   377306.69   695229.48    72693.31
         325    72693.31     2145.77      241.71     1904.06   318164.50   379210.75   697375.25    70789.25
         326    70789.25     2145.77      235.37     1910.40   318399.87   381121.15   699521.02    68878.85
         327    68878.85     2145.77      229.02     1916.75   318628.89   383037.90   701666.79    66962.10
         328    66962.10     2145.77      222.65     1923.12   318851.54   384961.02   703812.56    65038.98
         329    65038.98     2145.77      216.25     1929.52   319067.79   386890.54   705958.33    63109.46
         330    63109.46     2145.77      209.84     1935.93   319277.63   388826.47   708104.10    61173.53
         331    61173.53     2145.77      203.40     1942.37   319481.03   390768.84   710249.87    59231.16
         332    59231.16     2145.77      196.94     1948.83   319677.97   392717.67   712395.64    57282.33
         333    57282.33     2145.77      190.46     1955.31   319868.43   394672.98   714541.41    55327.02
         334    55327.02     2145.77      183.96     1961.81   320052.39   396634.79   716687.18    53365.21
         335    53365.21     2145.77      177.44     1968.33   320229.83   398603.12   718832.95    51396.88
         336    51396.88     2145.77      170.89     1974.88   320400.72   400578.00   720978.72    49422.00
         337    49422.00     2145.77      164.33     1981.44   320565.05   402559.44   723124.49    47440.56
         338    47440.56     2145.77      157.74     1988.03   320722.79   404547.47   725270.26    45452.53
         339    45452.53     2145.77      151.13     1994.64   320873.92   406542.11   727416.03    43457.89
         340    43457.89     2145.77      144.50     2001.27   321018.42   408543.38   729561.80    41456.62
         341    41456.62     2145.77      137.84     2007.93   321156.26   410551.31   731707.57    39448.69
         342    39448.69     2145.77      131.17     2014.60   321287.43   412565.91   733853.34    37434.09
         343    37434.09     2145.77      124.47     2021.30   321411.90   414587.21   735999.11    35412.79
         344    35412.79     2145.77      117.75     2028.02   321529.65   416615.23   738144.88    33384.77
         345    33384.77     2145.77      111.00     2034.77   321640.65   418650.00   740290.65    31350.00
         346    31350.00     2145.77      104.24     2041.53   321744.89   420691.53   742436.42    29308.47
         347    29308.47     2145.77       97.45     2048.32   321842.34   422739.85   744582.19    27260.15
         348    27260.15     2145.77       90.64     2055.13   321932.98   424794.98   746727.96    25205.02
         349    25205.02     2145.77       83.81     2061.96   322016.79   426856.94   748873.73    23143.06
         350    23143.06     2145.77       76.95     2068.82   322093.74   428925.76   751019.50    21074.24
         351    21074.24     2145.77       70.07     2075.70   322163.81   431001.46   753165.27    18998.54
         352    18998.54     2145.77       63.17     2082.60   322226.98   433084.06   755311.04    16915.94
         353    16915.94     2145.77       56.25     2089.52   322283.23   435173.58   757456.81    14826.42
         354    14826.42     2145.77       49.30     2096.47   322332.53   437270.05   759602.58    12729.95
         355    12729.95     2145.77       42.33     2103.44   322374.86   439373.49   761748.35    10626.51
         356    10626.51     2145.77       35.33     2110.44   322410.19   441483.93   763894.12     8516.07
         357     8516.07     2145.77       28.32     2117.45   322438.51   443601.38   766039.89     6398.62
         358     6398.62     2145.77       21.28     2124.49   322459.79   445725.87   768185.66     4274.13
         359     4274.13     2145.77       14.21     2131.56   322474.00   447857.43   770331.43     2142.57
         360     2142.57     2149.69        7.12     2142.57   322481.12   450000.00   772481.12        0.00